0  0
8  1
16  6
24  2516
32  5868
40  2516
48  6
56  2
64  0
72  0
79  0
87  1
94  4
101  1
107  0
113  0
118  0
122  0
125  0
126  1
127  2
126  0
124  0
120  0
114  0
106  0
97  0
85  0
72  1
57  0
39  0
20  0
0  0
-22  0
-46  0
-71  0
-97  0
-124  0
-151  0
-179  0
-207  0
-233  0
-259  0
-284  0
-307  1
-327  0
-346  0
-362  0
-374  0
-383  0
-388  0
-389  0
-386  0
-378  0
-366  0
-349  0
-327  0
-301  0
-269  0
-234  0
-194  1
-151  0
-103  0
-53  0
0  0
55  0
112  0
171  0
229  0
288  0
346  0
403  0
458  0
509  0
557  0
601  0
640  0
673  0
701  0
722  0
736  0
743  0
742  0
734  0
719  0
695  0
663  0
624  0
578  0
524  0
464  0
398  0
326  0
250  0
169  0
86  0
0  0
-87  0
-175  0
-264  0
-351  0
-436  0
-518  0
-596  0
-669  0
-736  0
-797  0
-851  0
-896  0
-933  0
-961  0
-980  0
-990  0
-989  0
-978  0
-957  0
-928  0
-889  0
-840  0
-783  0
-718  0
-645  0
-565  0
-480  0
-390  0
-296  0
-198  0
-99  0
0  0
99  0
198  0
296  0
389  0
479  0
564  0
643  0
716  0
781  0
837  0
886  0
925  0
954  0
974  0
985  0
985  0
976  0
956  0
928  0
891  0
846  0
792  0
731  0
665  0
591  0
514  0
433  0
348  0
262  0
174  0
86  0
0  0
-85  0
-167  0
-247  0
-323  0
-393  0
-458  0
-518  0
-571  0
-616  0
-655  0
-686  0
-709  0
-724  0
-732  0
-732  0
-725  0
-711  0
-690  0
-662  0
-629  0
-591  0
-547  0
-500  0
-450  0
-396  0
-340  0
-283  0
-225  0
-167  0
-110  0
-54  0
0  0
52  0
101  0
147  0
190  1
228  0
263  0
293  0
319  0
340  0
357  0
369  0
376  0
378  0
377  0
372  0
364  0
351  0
336  0
318  0
297  1
275  0
251  0
226  0
200  0
173  0
146  0
120  0
94  0
68  0
44  0
21  0
0  0
-20  0
-38  0
-55  0
-69  1
-82  0
-93  0
-102  0
-109  0
-115  0
-119  0
-121  0
-122  2
-121  1
-120  0
-117  0
-113  0
-109  0
-103  0
-97  1
-91  4
-84  1
-77  0
-70  0
-62  0
-55  2
-47  6
-39  2516
-31  5868
-23  2516
-15  6
-8  1
