0.0114206051299152,
-0.0111257881531485,
0.00307736016649605,
0.00406953370761924,
0.00333748390546979,
0.00176722470080177,
-0.0163390319276621,
-0.0322516397445665,
-0.00472141031424101,
0.000381169751176316,
0.0693813059862238,
0.0237120664844795,
0.00196690064704767,
0.0124437946014323,
-0.0322560990585594,
0.000736871497648788,
-0.0614253267188522,
-0.0272725736653161,
-0.0878106538329552,
-0.0427757271660777,
-0.0512640065409333,
-0.129868245327141,
-0.0498544572454745,
-0.0691226847849142,
0.0928636076286789,
-0.0840716803393930,
-0.283062194901320,
-0.149762204472233,
0.150578240803244,
0.178504999743671,
-0.0540783276381362,
-0.0538846191825204,
0.0945924408852671,
-0.107864822448663,
-0.187096947691139,
0.0691124173091430,
0.0486691187660172,
0.102398501269208,
0.0233115688163149,
-0.0477606956876428,
-0.156625151206351,
-0.318457922796429,
0.0256325461740317,
0.0599065934961455,
-0.0375291838994722,
0.0819578057211388,
0.00176138987271703,
0.0343477000929802,
-0.145125241808216,
-0.132722073172290,
-0.108091106814277,
-0.245495341029089,
-0.0610169249479931,
-0.0516837229708999,
-0.460493631143403,
-0.0843257596866546,
-0.554686002577307,
-0.0990747906352807,
-0.209772072439131,
0.102129244262466,
-0.260367594225661,
-0.0420011993245133,
-0.214093605962498,
-0.0333259076049055,
0.0729641549793312,
-0.108161692841739,
0.110801253326926,
-0.370454401860156,
-0.262290867959163,
-0.261402256179182,
-0.0729708653428677,
-0.0961711359760475,
0.586461025856560,
0.506859341569044,
0.487651992104728,
-0.101938100729786,
-0.0669368274995589,
-0.362378873175797,
-0.0214677683954834,
0.211959526415448,
0.408500670997700,
-0.178704498420486,
0.125199886189347,
-0.513158706023420,
-0.521263148283335,
-0.354418557093607,
0.339725605680918,
0.0308929239224320,
0.708314699251387,
0.428678549597865,
0.535155820700505,
-0.184364947053877,
0.194915221715389,
0.219081986466846,
0.111512203880249,
0.0189780198536449,
0.330204724979190,
-0.269012041490565,
0.0423027270652242,
0.400848023931741,
-0.325272080410873,
-0.110041252744424,
0.586650917171052,
0.191072703675797,
1.07666215388306,
1.16797271145065,
0.793565877434735,
-0.748947500000794,
0.186915003935179,
0.655296410638543,
-0.223459697488225,
-0.211892710706787,
-0.164077209021234,
-0.107156838013992,
-0.139271375690788,
-0.283022383357858,
-0.603941031738445,
-0.631923267188156,
-0.841984597876357,
0.212372744280992,
1.74701160048820,
1.75308572159105,
0.426756067103915,
-0.684719973273865,
0.380203905667279,
-0.127230632105077,
-0.115231231745465,
0.292587356489395,
-0.138343408338342,
0.0326513672351658,
1.15449984698336,
0.896985257989673,
-0.000902062846982189,
-0.828821675154183,
0.503385062040381,
0.0539889085937446,
0.733345621095860,
0.157103690391685,
-0.0200355227603333,
-0.444090644853645,
-1.07100261424540,
-0.707320958859789,
0.496207677745171,
0.0847298749945671,
-0.0962398308850885,
0.225787461829353,
1.26427981129873,
0.0700132969866572,
-0.136346410399200,
-0.411807994843752,
0.694847292336474,
0.403692144834579,
-0.0555768822915857,
-0.120619262657854,
1.61456608712634,
0.430051162778427,
-0.503348858182530,
-0.596797987070404,
-0.306606380353522,
-0.893257165910231,
-0.744247477124801,
-1.50294146521820,
0.389924769379959,
-0.826708226904942,
-2.15509623550569,
-1.07933414672180,
0.640403627998302,
-1.07969699037611,
-0.303041197851998,
-0.969397417527413,
-0.535207501364845,
0.563860837512318,
-0.946517292882146,
-0.634796572639495,
0.942415981016464,
-0.134999692634131,
-0.179776291960678,
0.836352469831802,
0.757947119259643,
-0.567513701052254,
-1.11672411735083,
-0.492564124038542,
0.229627765725546,
0.856147768825465,
-0.545394489648967,
-0.451432434947075,
0.926533367601136,
-0.0478207454324396,
-0.846600170984694,
-0.449782530671866,
-0.167895912545239,
-0.599723569677387,
-0.788645244907506,
-1.95236527323069,
-0.923122121973052,
-1.27265754886879,
-2.14054208310661,
-1.75788688679993,
-0.910926641067596,
-1.66602223871528,
1.88186120393171,
-0.230560975095037,
-0.190301728137815,
-0.616127910796676,
-1.23264022491787,
-0.293640798251129,
0.942334208759866,
-1.65517175517647,
-1.15283167987540,
1.30809177338235,
1.38166687950448,
-0.686731929238089,
-0.741403570014957,
-0.673560236257734,
1.28184824151540,
0.269134149580693,
-1.02987367873163,
0.944678636431275,
0.406057139413971,
-0.906161630135955,
-0.776169363237563,
-1.26525253307813,
-0.677763714125095,
-0.669850777179908,
0.494169659001403,
0.0748799229347908,
-0.165878047287936,
-2.55184924868847,
-2.55575527861446,
-0.300363268711489,
0.885739428078165,
0.491187852997737,
2.54852543031335,
1.13756350042463,
-0.803023308642971,
-1.66478563393488,
-1.42126098257348,
-0.0702603474607626,
-0.358207587029442,
-0.781995422020721,
-0.932455618929886,
1.10728093111932,
0.335436519235415,
-1.89958198383229,
0.170077983337068,
-0.245982944849104,
2.53422447398494,
1.58930002901724,
-1.58252653737203,
1.25794280330238,
-1.99549966729566,