-0.008458
-0.00878
-0.008458
-0.009103
-0.00878
-0.00878
-0.006202
-0.005235
-0.007813
-0.006847
-0.006202
-0.005557
-0.00459
-0.00169
-0.003301
-0.003301
-0.002657
-0.00169
0.002178
0.0025
-0.000078
-0.000401
-0.000723
-0.000723
-0.000723
0.000566
-0.001367
0.000244
-0.005557
-0.001045
-0.00169
-0.001367
-0.00169
-0.00169
-0.001367
-0.001045
-0.001045
0.000889
-0.005235
-0.002979
-0.002012
-0.002657
-0.002657
-0.002657
-0.002012
-0.003624
-0.00588
-0.007813
-0.002657
-0.002334
-0.003301
-0.003624
-0.004913
-0.002657
-0.00459
-0.00459
-0.002012
-0.003946
-0.003301
-0.002979
-0.002657
-0.002657
-0.002979
-0.00169
-0.000401
0.000889
0.000889
0.001211
0.007979
0.003467
0.003789
0.003789
0.005723
0.005401
0.005401
0.006045
0.006045
0.004756
0.007979
0.006368
0.007335
0.007657
0.007979
0.008302
0.008946
0.012814
0.008624
0.009268
0.010235
0.01088
0.009268
0.011847
0.010235
0.010235
0.011847
0.01088
0.01088
0.012491
0.008302
0.010558
0.010235
0.010558
0.009591
0.009268
0.007657
0.004756
0.01088
0.007335
0.011525
0.005723
0.007012
0.005401
0.007012
0.005401
0.005401
0.004434
0.004112
0.007335
0.013136
0.007335
0.004434
0.004434
0.004434
0.004434
0.003789
0.001211
0.000566
0.003145
0.001856
0.0025
0.001211
-0.000078
-0.001045
-0.002012
-0.002012
-0.002012
-0.003946
-0.003946
-0.004268
-0.004913
-0.005557
-0.006202
-0.006202
-0.006524
-0.009747
-0.00459
-0.007491
-0.008136
-0.007491
-0.008136
-0.00878
-0.007491
-0.007169
-0.007169
-0.006202
-0.007813
-0.005557
-0.006202
-0.006202
-0.004268
-0.006202
-0.004913
-0.005235
-0.00459
-0.003946
-0.003624
-0.001367
0.000566
-0.00169
-0.000078
-0.000723
0.000889
0.001211
0.000889
0.001856
0.003467
0.004756
0.003789
0.007012
0.003789
0.004112
0.004112
0.004112
0.004112
0.006368
0.000566
0.004434
0.006368
0.003467
0.005079
0.005401
0.004756
0.003467
0.004112
0.003467
0.002822
0.005401
0.003467
0.001856
0.004756
0.004112
0.003789
0.003789
0.003467
0.003789
0.009268
0.000566
0.003145
0.006368
0.002822
0.004756
0.003789
0.003789
0.0025
0.002822
0.002178
0.003789
0.003789
0.00669
0.005723
0.004112
0.005723
0.004756
0.004756
0.004756
0.007012
0.007012
0.005401
0.005401
0.007657
0.007979
0.007657
0.007012
0.007979
0.007979
0.012169
0.011525
0.008302
0.011847
0.009913
0.011847
0.011525
0.011847
0.012169
0.013136
0.014425
0.014425
0.01507
0.014748
0.013458
0.014748
0.014425
0.01507
0.014425
0.013781
0.009913
0.014103
0.013458
0.010235
0.013136
0.012814
0.011847
0.011202
0.010235
0.010558
0.013458
0.007979
0.009268
0.009268
0.005723
0.007335
0.005401
0.004756
0.003467
0.002822
0.00669
0.004756
0.001533
-0.000078
-0.000078
-0.003301
-0.004268
-0.005235
-0.006847
-0.00588
-0.006524
-0.01297
-0.012003
-0.007813
-0.012326
-0.011359
-0.012648
-0.013293
-0.013937
-0.014904
-0.015549
-0.01297
-0.017805
-0.016193
-0.011359
-0.015226
-0.014904
-0.015549
-0.015871
-0.013615
-0.01716
-0.013615
-0.014904
-0.015226
-0.013615
-0.013937
-0.01297
-0.01297
-0.012326
-0.011359
-0.006847
-0.009103
-0.010714
-0.007813
-0.01007
-0.00878
-0.007813
-0.007169
-0.006847
-0.00588
-0.002979
-0.001045
-0.004913
-0.002334
-0.005235
-0.002979
-0.00169
-0.001367
-0.000723
-0.000723
-0.000078
0.000889
0.003789
0.001856
0.001856
0.001533
0.003145
0.0025
0.003789
0.005079
0.003145
0.004756
0.006368
0.007012
0.006368
0.011202
0.021516
0.019904
0.026673
0.046333
0.070183
0.082753
0.093711
0.092744
0.084365
0.084042
0.065671
0.034086
0.024094
0.003467
-0.021028
-0.029408
-0.046812
-0.069051
-0.065828
-0.067117
-0.072274
-0.057448
-0.047779
-0.047779
-0.032953
-0.018772
-0.019739
-0.009425
0.0025
0.005401
0.012491
0.016359
0.012491
0.007979
0.01088
0.004756
0.000889
-0.000401
-0.006202
-0.007813
-0.007169
-0.009747
-0.009425
-0.010392
-0.014904
-0.011036
-0.007491
-0.00588
-0.006202
-0.002334
0.001533
0.010558
0.017326
0.022483
0.028929
0.031185
0.037309
0.046655
0.044722
0.045044
0.044077
0.041821
0.040854
0.037953
0.037631
0.03183
0.026028
0.019582
0.013781
0.008946
0.004756
-0.000078
-0.00459
-0.007169
-0.014259
-0.015871
-0.019094
-0.024573
-0.026829
-0.028118
-0.030052
-0.031341
-0.031341
-0.032631
-0.037465
-0.031664
-0.033598
-0.035209
-0.036498
-0.040044
-0.043911
-0.047779
-0.052291
-0.057448
-0.062605
-0.062927
-0.061315
-0.067761
-0.063571
-0.057448
-0.051002
-0.044233
-0.034887
-0.02554
-0.016516
-0.00588
-0.000078
0.008624
0.013458
0.021194
0.025706
0.029251
0.031507
0.035697
0.03473
0.038276
0.039565
0.039565
0.049556
0.05149
0.056647
0.062448
0.067283
0.069539
0.072439
0.071795
0.072762
0.074051
0.076952
0.069861
0.06696
0.065349
0.062448
0.059225
0.056647
0.05149
0.047945
0.042465
0.037631
0.030218
0.024417
0.018293
0.013136
0.008624
0.004434
0.000566
-0.002979
-0.002334
-0.007813
-0.007491
-0.007491
-0.008458
-0.007813
-0.009747
-0.007169
-0.003946
-0.006847
-0.00459
-0.006524
-0.005235
-0.006847
-0.006202
-0.007169
-0.007813
-0.00878
-0.007813
-0.010392
-0.011359
-0.013615
-0.016838
-0.018772
-0.019416
-0.021028
-0.022962
-0.023606
-0.026185
-0.024251
-0.021672
-0.023928
-0.019416
-0.017482
-0.015226
-0.012326
-0.00878
-0.002979
-0.00169
0.003467
0.005723
0.008302
0.010558
0.012169
0.013136
0.012491
0.01088
0.010558
0.01088
0.006045
0.00669
0.001856
0.000889
-0.000723
-0.002012
-0.002657
-0.002979
-0.002979
-0.00169
-0.006524
-0.00588
-0.003624
-0.003946
-0.00459
-0.004268
-0.004268
-0.00459
-0.003301
-0.007813
-0.006847
-0.004913
-0.00588
-0.006202
-0.006524
-0.006524
-0.007491
-0.007169
-0.010392
-0.008458
-0.007813
-0.008136
-0.009747
-0.009747
-0.009747
-0.01007
-0.011681
-0.010714
-0.015549
-0.014259
-0.016193
-0.018449
-0.021672
-0.023928
-0.02554
-0.027474
-0.028441
-0.028441
-0.031341
-0.028441
-0.02973
-0.031664
-0.023928
-0.024573
-0.023606
-0.021672
-0.020383
-0.018772
-0.016193
-0.016193
-0.012003
-0.009747
-0.006524
-0.00588
-0.004268
-0.001367
0.000244
0.004756
0.00669
0.010558
0.012814
0.015714
0.018615
0.020871
0.024417
0.026028
0.02764
0.027317
0.031507
0.028607
0.031507
0.03054
0.033763
0.034408
0.035375
0.036664
0.036019
0.036986
0.038276
0.039565
0.033119
0.038276
0.03892
0.036986
0.036019
0.035375
0.03473
0.032152
0.028607
0.03054
0.029251
0.025384
0.023772
0.021516
0.019582
0.018293
0.017004
0.01507
0.013136
0.011202
0.01507
0.009591
0.007012
0.007979
0.006368
0.003467
0.002178
0.000566
0.000566
-0.008458
-0.007491
-0.004268
-0.008458
-0.010714
-0.011359
-0.01297
-0.013293
-0.012326
-0.012003
-0.010392
-0.01007
-0.012648
-0.014904
-0.010392
-0.009103
-0.00878
-0.008458
-0.007491
-0.006524
-0.004913
-0.005235
-0.002979
-0.003946
-0.003624
-0.002657
-0.001367
-0.002012
-0.001045
0.001533
0.000889
-0.001367
0.002822
0.005079
0.005079
0.004756
0.005723
0.007012
0.006368
0.007979
0.00669
0.00669
0.003789
0.009591
0.009913
0.009268
0.009268
0.008946
0.009591
0.007657
0.007979
0.008946
0.00669
0.001856
0.003789
0.0025
0.0025
0.001211
0.000244
-0.001367
-0.000401
-0.003301
-0.003301
-0.005557
-0.006524
-0.007491
-0.00878
-0.010392
-0.010714
-0.009103
-0.013615
-0.011359
-0.017482
-0.01716
-0.016516
-0.016838
-0.017482
-0.018127
-0.02135
-0.016516
-0.022317
-0.022639
-0.021995
-0.023284
-0.023606
-0.023606
-0.024573
-0.023284
-0.023606
-0.02135
-0.023606
-0.019416
-0.020383
-0.014259
-0.015871
-0.014259
-0.012003
-0.010392
-0.009425
-0.008458
-0.003946
-0.002657
-0.003624
-0.002657
0.001533
0.0025
0.003467
0.005079
0.005723
0.007012
0.005723
0.007979
0.008624
0.012169
0.012491
0.01507
0.014103
0.016359
0.016037
0.018293
0.018937
0.016359
0.023127
0.020227
0.019904
0.018937
0.018293
0.018615
0.018293
0.01926
0.019582
0.02216
0.018937
0.017004
0.016037
0.015714
0.015392
0.013781
0.012169
0.008624
0.010235
0.009268
0.009913
0.007657
0.005723
0.004756
0.004756
0.004756
0.003145
0.002822
0.001856
0.001533
-0.001367
0.003145
0.000889
0.000244
-0.000723
0.000244
-0.000723
0.003789
0.000566
-0.000401
0.000566
0.001856
0.001856
0.001211
0.001856
0.001856
0.001856
0.002822
0.005079
0.004434
0.004434
0.004756
0.007012
0.007657
0.007657
0.008302
0.008624
0.009913
0.010558
0.009268
0.011847
0.009591
0.009591
0.009913
0.009268
0.008302
0.008946
0.007012
0.009913
0.006368
0.012169
0.011525
0.007979
0.009268
0.008946
0.009268
0.008624
0.008624
0.00669
0.009913
0.010558
0.011847
0.009591
0.008302
0.008624
0.008946
0.007657
0.009268
0.005723
0.004112
0.007335
0.003789
0.004434
0.003789
0.002178
0.001856
0.000244
-0.002334
0.000566
0.000244
-0.001367
-0.00459
-0.005235
-0.004913
-0.00588
-0.006847
-0.007491
-0.010714
-0.010392
-0.007491
-0.010714
-0.011681
-0.010392
-0.010392
-0.010714
-0.010714
-0.009425
-0.009103
-0.012648
-0.015549
-0.013937
-0.009747
-0.009747
-0.010714
-0.009747
-0.009425
-0.009425
-0.004913
-0.008458
-0.004913
-0.003946
-0.00169
-0.003946
-0.002012
-0.00169
-0.001045
-0.000723
0.002178
-0.000078
-0.001045
0.001533
0.000889
0.003145
0.001856
0.003145
0.002178
0.001856
0.002822
0.004756
0.004112
0.002822
0.0025
0.0025
0.003145
0.001856
0.0025
0.003145
-0.000401
0.002822
-0.000723
0.001533
0.003145
0.001533
0.000244
0.000244
-0.000078
-0.000078
0.003467
-0.000723
-0.000723
0.000889
-0.002334
-0.002334
-0.003301
-0.002012
-0.003301
-0.002979
-0.003301
0.0025
-0.003624
-0.00169
-0.002657
-0.001045
-0.001367
0.000244
-0.001367
-0.000078
-0.002012
0.001533
0.001856
0.003467
0.004112
0.003789
0.003789
0.003467
0.003467
0.006368
0.006045
0.001211
0.006368
0.00669
0.006368
0.006045
0.00669
0.006045
0.007335
0.00669
0.011202
0.010558
0.009268
0.008946
0.007979
0.007979
0.008946
0.009268
0.009268
0.008946
0.008946
0.008624
0.008946
0.011202
0.008624
0.007657
0.007979
0.007979
0.007979
0.00669
0.007335
0.003789
0.006045
0.005079
0.005723
0.00669
0.005723
0.006368
0.006045
0.004112
0.009913
0.007012
0.006045
0.00669
0.005079
0.005079
0.004112
0.004112
0.003467
0.0025
0.004434
0.003467
0.004112
0.003145
0.003467
0.000566
0.001533
0.000889
-0.000723
-0.001367
-0.000401
-0.002334
-0.000401
-0.001045
-0.002979
-0.002012
-0.002657
-0.002979
-0.003624
-0.003946
-0.000723
-0.002012
-0.003624
-0.003946
-0.00169
-0.003624
-0.004913
-0.00459
-0.003946
-0.005235
-0.001045
-0.002979
-0.005557
-0.002979
-0.004268
-0.003301
-0.003301
-0.002657
-0.002012
-0.001367
0.001211
0.003467
0.001856
0.001533
0.004434
0.001856
0.002178
0.0025
0.003145
0.004434
0.004756
0.006045
0.006045
0.005723
0.005401
0.006368
0.005079
0.005723
0.004112
0.004756
0.003467
0.004756
0.003789
0.001856
0.003789
0.004434
0.004434
0.004112
0.003145
0.003145
0.004756
0.001211
0.001856
0.0025
0.002178
0.002178
0.001856
0.000889
0.001211
-0.000723
0.003145
0.001211
-0.000723
-0.000723
-0.003301
-0.000723
-0.000723
-0.000723
-0.002657
-0.000723
-0.001045
-0.000401
0.000889
-0.003624
0.000566
0.000244
0.001211
0.000889
0.003467
0.0025
0.004112
0.002178
0.002822
0.002178
0.007979
0.005079
0.005401
0.005079
0.006368
0.004434
0.007979
0.009913
0.009268
0.009268
0.009591
0.008946
0.010235
0.009591
0.010235
0.010558
0.011525
0.01088
0.013136
0.010558
0.009913
0.01088
0.01088
0.011847
0.011202
0.010558
0.007979
0.006045
0.008946
0.007012
0.007335
0.007335
0.006368
0.006045
0.005723
0.004434
0.005723
0.004434
0.004434
0.003789
0.000566
0.000889
0.000566
-0.000723
-0.001045
-0.00169
-0.002979
-0.000078
-0.000723
-0.004913
-0.007491
-0.005557
-0.005557
-0.006524
-0.006524
-0.006847
-0.009425
-0.005557
-0.007491
-0.005235
-0.006202
-0.00878
-0.007491
-0.007491
-0.007491
-0.007491
-0.006202
-0.006524
-0.008136
-0.00878
-0.007491
-0.006202
-0.007813
-0.007813
-0.007491
-0.007813
-0.011036
-0.004913
-0.006524
-0.007169
-0.007169
-0.006847
-0.006524
-0.006524
-0.006524
-0.005557
-0.005557
-0.002657
-0.005557
-0.000078
-0.002979
-0.002979
-0.002979
-0.002657
-0.00169
-0.000723
-0.002657
0.000889
-0.002334
-0.003624
0.0025
0.001211
0.000889
0.002178
0.0025
0.002822
0.001533
-0.001367
0.0025
0.003145
0.003467
0.005079
0.004756
0.004756
0.003789
0.005401
0.006368
0.005401
0.004434
0.009268
0.004756
0.006045
0.004756
0.005079
0.005079
0.003467
0.003145
0.005079
0.004112
0.000889
0.001856
0.003145
0.002822
0.001533
0.002178
0.0025
0.000244
0.002822
0.0025
0.0025
0.003467
0.003145
0.001856
0.0025
0.0025
0.002822
0.005079
0.004434
0.002822
0.003145
0.004756
0.005079
0.006368
0.006368
0.00669
0.007657
0.009268
0.011202
0.008302
0.008302
0.011847
0.010235
0.012491
0.012169
0.013136
0.013781
0.011202
0.013136
0.014103
0.015392
0.016359
0.015392
0.015392
0.015714
0.016037
0.016037
0.014425
0.009913
0.013781
0.014748
0.014103
0.014103
0.013136
0.012491
0.012491
0.01088
0.010558
0.009591
0.011847
0.009591
0.01088
0.015714
0.018293
0.020549
0.036986
0.052457
0.067605
0.077596
0.081786
0.074696
0.069861
0.057291
0.033441
0.017971
0.000244
-0.019416
-0.035854
-0.048746
-0.06615
-0.065505
-0.067117
-0.070984
-0.066472
-0.057448
-0.052936
-0.04649
-0.036176
-0.030697
-0.024895
-0.021028
-0.016193
-0.007169
-0.004268
-0.00588
-0.008458
-0.007169
-0.009747
-0.010392
-0.011681
-0.015226
-0.017805
-0.016516
-0.01716
-0.017482
-0.020061
-0.019739
-0.021672
-0.019739
-0.018127
-0.015549
-0.014904
-0.012648
-0.005557
0.000566
0.005723
0.01088
0.014748
0.020549
0.02345
0.03183
0.031185
0.029251
0.028284
0.026673
0.026028
0.024094
0.024739
0.021194
0.013781
0.01088
0.005401
0.001856
-0.002012
-0.005557
-0.007491
-0.013293
-0.017482
-0.020061
-0.024573
-0.026185
-0.031664
-0.032308
-0.031986
-0.033275
-0.032631
-0.032631
-0.034242
-0.031664
-0.030697
-0.031019
-0.032953
-0.034242
-0.037465
-0.041333
-0.044556
-0.051324
-0.054547
-0.055836
-0.057125
-0.056159
-0.05358
-0.049068
-0.043589
-0.037143
-0.029085
-0.020705
-0.010714
-0.005235
0.004112
0.01088
0.016359
0.02216
0.02635
0.029896
0.032474
0.036019
0.039565
0.047622
0.045688
0.053424
0.056647
0.06277
0.068572
0.072439
0.075018
0.077919
0.078241
0.076629
0.073406
0.075985
0.072439
0.070506
0.06696
0.063737
0.060514
0.05858
0.055035
0.051168
0.044077
0.039242
0.031507
0.027317
0.021516
0.016681
0.009913
0.004756
-0.000723
-0.006524
-0.00459
-0.011681
-0.012003
-0.013937
-0.014904
-0.015871
-0.015226
-0.019094
-0.019416
-0.01716
-0.019094
-0.016838
-0.020061
-0.016516
-0.016838
-0.016193
-0.015226
-0.014904
-0.013615
-0.018772
-0.01297
-0.014582
-0.016193
-0.015226
-0.016838
-0.017482
-0.018772
-0.020061
-0.017805
-0.011681
-0.018449
-0.015871
-0.015549
-0.01297
-0.009425
-0.005557
-0.002012
0.000566
0.005723
0.006045
0.010558
0.014748
0.015392
0.018937
0.020871
0.020227
0.021194
0.017648
0.015714
0.013458
0.012169
0.011847
0.006045
0.006045
0.005079
0.003145
0.001533
0.001856
0.001856
-0.002657
-0.000401
0.000566
-0.002012
0.000566
0.000244
0.000244
0.000889
0.000566
0.001533
0.007979
0.000566
0.004112
0.000566
0.000566
0.000566
0.000244
-0.000078
-0.001045
-0.000723
-0.003946
-0.002657
-0.003301
-0.004913
-0.005557
-0.006202
-0.007169
-0.009103
-0.011036
-0.009747
-0.013615
-0.01716
-0.019739
-0.021028
-0.022317
-0.024573
-0.025862
-0.026829
-0.027796
-0.027152
-0.024251
-0.028118
-0.026507
-0.024573
-0.023928
-0.022317
-0.020705
-0.020705
-0.020061
-0.015871
-0.020705
-0.014582
-0.014904
-0.011036
-0.011681
-0.009425
-0.006524
-0.00459
-0.002012
0.000244
0.005723
0.004112
0.008624
0.012814
0.016037
0.017648
0.020549
0.021516
0.025384
0.028284
0.031507
0.03054
0.029251
0.032474
0.032152
0.032474
0.03473
0.035053
0.035697
0.036664
0.034086
0.037953
0.036342
0.037953
0.035375
0.035375
0.033119
0.031185
0.029896
0.027962
0.02345
0.024094
0.023772
0.017971
0.016037
0.014748
0.012491
0.011202
0.008624
0.007012
0.00669
0.000889
-0.000401
-0.003301
-0.003624
-0.00459
-0.007169
-0.01007
-0.011681
-0.016193
-0.015226
-0.019094
-0.021672
-0.019094
-0.022317
-0.023284
-0.022962
-0.022639
-0.022962
-0.02135
-0.018449
-0.017482
-0.018772
-0.01716
-0.014904
-0.01297
-0.011681
-0.010392
-0.009425
-0.010392
-0.009103
-0.00459
-0.003624
-0.002979
-0.00169
-0.000723
-0.000401
0.000889
0.001856
0.002822
0.003789
0.003467
0.004112
0.006368
0.007979
0.008946
0.009913
0.010558
0.011525
0.012169
0.012814
0.012491
0.010235
0.014748
0.012814
0.013136
0.014103
0.013136
0.013781
0.010558
0.011525
0.013136
0.007012
0.008946
0.007979
0.007012
0.00669
0.005401
0.003789
0.003145
0.000244
-0.001367
0.001856
0.001533
-0.001045
-0.002979
-0.003946
-0.004913
-0.006202
-0.006847
-0.007169
-0.01007
-0.010714
-0.012648
-0.011036
-0.01297
-0.013615
-0.016193
-0.014904
-0.017805
-0.015871
-0.015871
-0.019739
-0.016193
-0.018772
-0.018772
-0.018772
-0.017805
-0.017482
-0.018449
-0.013615
-0.011681
-0.013293
-0.010392
-0.009747
-0.008136
-0.006847
-0.004268
-0.004913
-0.003301
-0.001367
-0.00169
-0.002012
0.000244
0.0025
0.003145
0.004112
0.005401
0.006368
0.007657
0.011202
0.007979
0.009591
0.012814
0.013458
0.01507
0.016037
0.016359
0.017326
0.018937
0.019582
0.024094
0.021194
0.020227
0.020227
0.020227
0.019904
0.020549
0.01926
0.020227
0.018615
0.023127
0.018615
0.019582
0.017004
0.017004
0.015714
0.015392
0.016359
0.013781
0.009268
0.007657
0.009913
0.008302
0.007979
0.006045
0.005401
0.005723
0.005079
0.003145
0.000244
-0.002334
0.000566
0.000889
-0.000723
-0.001045
-0.002012
-0.002657
-0.002657
-0.002334
-0.002657
-0.000401
-0.000723
-0.002334
-0.003301
-0.00169
-0.002979
-0.002012
-0.00169
-0.000401
0.000566
0.001211
0.003789
0.001856
0.0025
0.002178
0.003789
0.004756
0.004756
0.004434
0.003145
0.004756
0.00669
0.006045
0.005723
0.005723
0.005723
0.006045
0.006368
0.007012
0.00669
0.006368
0.005723
0.007979
0.009913
0.008302
0.008624
0.009591
0.008624
0.008302
0.008302
0.003467
0.00669
0.007657
0.006368
0.007979
0.006045
0.006368
0.004434
0.005723
0.001856
0.005723
0.000244
0.000889
0.000244
-0.001045
-0.002012
-0.002012
-0.002334
-0.003946
-0.00588
-0.006202
-0.007491
-0.007813
-0.007813
-0.009103
-0.009103
-0.009425
-0.009747
-0.011036
-0.009425
-0.013615
-0.012003
-0.015226
-0.012648
-0.01297
-0.01297
-0.012648
-0.013293
-0.013293
-0.013615
-0.014582
-0.012003
-0.012648
-0.011359
-0.010714
-0.01007
-0.009425
-0.009425
-0.009747
-0.007491
-0.003946
-0.003301
-0.00588
-0.003946
-0.004268
-0.002657
-0.002657
0.001211
-0.002012
-0.003301
0.000244
-0.001045
0.000566
0.000889
0.001211
0.001211
0.001856
0.001211
0.002178
0.004112
0.000566
-0.000078
0.001211
0.001856
0.002822
0.003467
0.001533
0.003467
0.003789
0.003145
0.007335
0.003145
-0.000078
0.0025
0.001856
0.002822
0.001856
0.001856
0.002178
0.002178
-0.000723
-0.000401
0.000244
0.000244
0.000889
-0.000078
0.000566
0.000889
0.001533
0.001211
0.001211
0.0025
0.004756
0.004434
0.005401
0.005401
0.006368
0.007012
0.00669
0.008302
0.007979
0.006368
0.008624
0.009268
0.009913
0.009913
0.008302
0.009591
0.01088
0.010235
0.016037
0.008624
0.008624
0.010558
0.011202
0.01088
0.01088
0.011525
0.01088
0.012814
0.010235
0.01088
0.011202
0.011202
0.01088
0.01088
0.011202
0.01088
0.009591
0.008302
0.007012
0.013136
0.009913
0.008946
0.007657
0.00669
0.00669
0.007657
0.007335
0.006368
0.005079
0.005401
0.006045
0.005723
0.005723
0.005723
0.004434
0.005079
0.005401
0.007012
0.00669
0.00669
0.004756
0.002178
0.0025
0.002178
0.000889
0.000566
-0.000078
-0.000078
0.002822
-0.000401
-0.002657
-0.003301
-0.003301
-0.00459
-0.004913
-0.005235
-0.00459
-0.005557
-0.005557
-0.005557
-0.006524
-0.006202
-0.00588
-0.00588
-0.006202
-0.005235
-0.004913
-0.004913
-0.007491
-0.005235
-0.006202
-0.006847
-0.006202
-0.006847
-0.007169
-0.007169
-0.005235
-0.006524
-0.004268
-0.005235
-0.004268
-0.00459
-0.004268
-0.003946
-0.004913
-0.002012
-0.002657
-0.002012
0.001856
-0.001045
-0.000723
-0.000401
-0.000078
0.000889
0.000244
0.001533
0.000566
-0.00169
0.001533
-0.00169
0.001856
0.001211
0.000889
0.001533
0.001533
0.001211
0.000889
0.001533
-0.002012
0.004112
0.000566
0.002178
0.001211
0.000566
0.000566
0.000566
0.003467
0.000244
-0.000401
0.000566
0.001211
-0.001045
0.000889
0.000244
-0.000723
-0.000401
0.003145
-0.002334
0.003789
-0.002334
-0.000078
0.000566
0.000889
0.001533
0.002822
0.000566
0.003467
0.000889
0.005723
0.006045
0.003789
0.006368
0.006368
0.007657
0.007335
0.008624
0.007335
0.011202
0.009913
0.009591
0.007657
0.010235
0.010235
0.01088
0.010235
0.01088
0.011202
0.014425
0.010235
0.011525
0.012491
0.011525
0.011847
0.011847
0.009591
0.012169
0.014425
0.008624
0.01507
0.012491
0.010558
0.011525
0.011202
0.010558
0.010558
0.007979
0.011847
0.007979
0.009268
0.009268
0.008302
0.006045
0.005079
0.004112
0.004434
0.003145
0.003145
0.004112
0.003145
0.001211
0.000244
-0.000078
-0.000401
-0.000723
-0.002979
-0.003301
-0.004268
-0.002334
-0.00169
-0.004268
-0.002334
-0.007169
-0.000078
0.007012
0.005723
0.009591
0.02764
0.048589
0.063415
0.069539
0.074051
0.06406
0.061481
0.052134
0.024417
0.010558
-0.002657
-0.023606
-0.03811
-0.044233
-0.062927
-0.068406
-0.065828
-0.066472
-0.060026
-0.048101
-0.046167
-0.03811
-0.02554
-0.025218
-0.017482
-0.00878
-0.000401
0.004756
0.006045
0.0025
0.0025
0.001856
0.001856
-0.006524
-0.00588
-0.007813
-0.008136
-0.009747
-0.012648
-0.015871
-0.018449
-0.019094
-0.020383
-0.017482
-0.020061
-0.018127
-0.017805
-0.013615
-0.00459
-0.002657
-0.000078
0.008302
0.012814
0.021838
0.024739
0.024417
0.02345
0.023772
0.020549
0.018937
0.01507
0.015714
0.012491
0.004756
0.000566
-0.000723
-0.006202
-0.009425
-0.013615
-0.015226
-0.016516
-0.019739
-0.026185
-0.026185
-0.031341
-0.032631
-0.032953
-0.033598
-0.035854
-0.032308
-0.031341
-0.028763
-0.027474
-0.029085
-0.028118
-0.024895
-0.026185
-0.027796
-0.030052
-0.034242
-0.037787
-0.043267
-0.049068
-0.047456
-0.048423
-0.047779
-0.044878
-0.04101
-0.034242
-0.026185
-0.018772
-0.008136
-0.000723
0.007979
0.016359
0.022483
0.028607
0.034408
0.038598
0.042143
0.046655
0.050523
0.051812
0.053746
0.060192
0.062126
0.067605
0.073729
0.079208
0.083075
0.085976
0.088232
0.086298
0.08791
0.086621
0.085009
0.081464
0.079208
0.075985
0.072439
0.069539
0.06406
0.061481
0.057291
0.054391
0.044077
0.038276
0.03183
0.024417
0.018937
0.011202
0.008302
0.001211
-0.003946
-0.006524
-0.008458
-0.011681
-0.013937
-0.016838
-0.017482
-0.017805
-0.017482
-0.021028
-0.021995
-0.021995
-0.02135
-0.022317
-0.022317
-0.021995
-0.021995
-0.022639
-0.021028
-0.020061
-0.022317
-0.022639
-0.023606
-0.024251
-0.025862
-0.027152
-0.027474
-0.02973
-0.031664
-0.032953
-0.026185
-0.026829
-0.026507
-0.024251
-0.02135
-0.01716
-0.013615
-0.010392
-0.007491
-0.001367
0.003467
0.006368
0.009591
0.012814
0.015392
0.017004
0.016359
0.016037
0.017004
0.014103
0.013781
0.011525
0.007657
0.006368
0.004112
0.000889
0.001856
-0.002012
-0.000401
-0.002012
0.001211
-0.000078
-0.000401
-0.000723
-0.000723
-0.000078
-0.002012
0.001856
-0.003301
-0.000078
-0.001045
-0.00169
-0.003301
-0.00459
-0.00459
-0.006847
-0.007169
-0.008136
-0.012003
-0.011036
-0.009103
-0.011681
-0.013615
-0.014904
-0.014259
-0.014582
-0.017805
-0.018127
-0.016838
-0.015871
-0.020061
-0.023284
-0.023928
-0.025218
-0.027152
-0.029085
-0.029408
-0.030375
-0.031019
-0.030052
-0.027796
-0.027796
-0.026829
-0.02554
-0.023284
-0.021672
-0.019416
-0.016516
-0.018772
-0.02135
-0.016193
-0.012326
-0.009103
-0.007169
-0.00459
-0.002012
0.000889
0.004112
0.010558
0.007335
0.013781
0.017326
0.019904
0.02345
0.025384
0.026995
0.032152
0.033763
0.029573
0.033119
0.03892
0.035697
0.037631
0.038276
0.039565
0.039242
0.041176
0.042465
0.042143
0.044077
0.041176
0.042143
0.040854
0.040532
0.039565
0.037953
0.033119
0.03054
0.03183
0.030863
0.026673
0.022483
0.020227
0.018615
0.014748
0.014103
0.012169
0.007012
0.008946
0.007657
0.00669
0.005079
0.0025
0.000244
-0.002012
-0.003624
-0.006524
-0.009103
-0.011359
-0.013293
-0.015871
-0.018127
-0.021028
-0.021028
-0.022317
-0.022962
-0.023284
-0.027152
-0.018127
-0.020383
-0.019739
-0.020383
-0.018772
-0.01716
-0.015226
-0.014904
-0.013937
-0.012003
-0.009425
-0.009747
-0.008136
-0.006847
-0.005557
-0.005235
-0.003301
-0.002334
-0.001367
-0.002012
0.002822
0.001856
0.007335
0.004112
0.006045
0.007979
0.007657
0.010235
0.011847
0.011847
0.01507
0.015392
0.016037
0.01507
0.016037
0.016681
0.016681
0.015714
0.017648
0.015714
0.017004
0.012814
0.012814
0.013458
0.012491
0.01088
0.009268
0.008624
0.00669
0.003467
0.003467
0.007335
0.005723
-0.000078
-0.000401
-0.002012
-0.002979
-0.004268
-0.007169
-0.00588
-0.004913
-0.005235
-0.011681
-0.011681
-0.013615
-0.013937
-0.014259
-0.013615
-0.016838
-0.018449
-0.017482
-0.021028
-0.020705
-0.02135
-0.02135
-0.021028
-0.021028
-0.021995
-0.019416
-0.017482
-0.020383
-0.021028
-0.013937
-0.01297
-0.011036
-0.01007
-0.007491
-0.006524
-0.004913
-0.004913
-0.003301
0.001533
0.0025
0.002822
0.004434
0.006045
0.007335
0.009591
0.009913
0.013136
0.014748
0.008624
0.008624
0.014103
0.014103
0.015392
0.017004
0.016681
0.017004
0.020227
0.019904
0.014748
0.021194
0.020549
0.018293
0.017648
0.017004
0.01507
0.016681
0.017004
0.016681
0.015392
0.014425
0.012169
0.013136
0.012169
0.011202
0.010235
0.010235
0.008302
0.005723
0.007979
0.001856
0.004112
0.004756
0.0025
0.001856
0.0025
0.000889
-0.002979
0.000566
0.000244
-0.002334
-0.000078
-0.00169
-0.002657
-0.002657
-0.002979
-0.002012
-0.003301
-0.001045
-0.006202
-0.002657
-0.004268
-0.002657
-0.002979
-0.003301
-0.002334
-0.002012
-0.002979
0.000566
-0.003946
-0.000723
-0.000078
0.001211
0.001856
0.002178
0.002822
0.003145
0.004112
0.001856
0.001856
0.004112
0.003467
0.003467
0.003789
0.005401
0.005079
0.005723
0.004112
0.005723
0.004112
0.004434
0.007012
0.00669
0.007335
0.007657
0.009591
0.008302
0.009591
0.011202
0.008624
0.009913
0.007012
0.008302
0.007979
0.007979
0.007335
0.007335
0.004756
0.007012
0.001211
0.002178
0.003467
0.002822
0.002178
0.000889
0.000244
-0.002979
-0.00459
-0.002334
-0.000723
-0.003624
-0.002012
-0.006524
-0.007169
-0.008458
-0.008136
-0.009103
-0.009425
-0.013615
-0.012326
-0.009747
-0.012648
-0.011036
-0.011359
-0.012003
-0.012648
-0.012648
-0.012003
-0.011359
-0.009103
-0.011036
-0.014259
-0.011036
-0.010392
-0.009747
-0.008458
-0.008458
-0.009425
-0.007813
-0.00459
-0.001045
-0.002979
-0.003301
-0.002334
-0.000723
-0.000078
-0.002012
-0.002979
0.001211
0.000889
0.0025
0.004112
0.003789
0.003467
0.003145
0.002178
0.003467
0.004756
0.001533
0.001533
0.002822
0.003789
0.004434
0.003145
0.002822
0.001211
0.001533
0.003467
-0.000078
0.000566
0.000566
0.001533
-0.000078
0.000889
-0.000401
-0.000078
-0.000723
-0.002334
-0.000401
0.000889
0.0025
-0.002012
-0.002012
-0.002012
-0.00169
-0.001367
-0.002979
-0.005235
0.001211
-0.000723
0.000889
0.000244
0.001533
0.002822
0.003467
0.003467
0.004112
0.006368
0.005723
0.005723
0.007012
0.008302
0.007979
0.008946
0.008946
0.008946
0.008946
0.009913
0.013136
0.011202
0.013781
0.011847
0.011202
0.012169
0.012491
0.012814
0.012169
0.013136
0.013781
0.013136
0.013136
0.014425
0.013781
0.013458
0.012814
0.013781
0.013458
0.013781
0.012169
0.008946
0.012814
0.011847
0.01088
0.012169
0.010235
0.009591
0.01088
0.007657
0.008946
0.009591
0.010235
0.007012
0.006368
0.007335
0.006045
0.005723
0.005723
0.005079
0.002822
0.008624
0.005079
0.004434
0.004112
0.002178
0.0025
0.002178
0.002178
0.003789
0.003145
-0.002012
-0.002657
-0.001367
-0.00169
-0.003946
-0.003946
-0.003946
-0.004913
-0.00459
-0.000723
-0.002657
-0.006524
-0.007491
-0.006847
-0.005557
-0.006524
-0.006847
-0.007491
-0.009425
-0.00459
-0.002657
-0.007491
-0.009103
-0.007169
-0.006202
-0.006847
-0.009425
-0.007169
-0.006847
-0.006847
-0.011036
-0.005235
-0.00459
-0.00459
-0.003946
-0.002979
-0.002657
-0.001367
-0.004913
-0.002012
-0.002979
-0.000723
-0.000401
0.000566
0.000566
0.001211
0.001856
0.000889
0.000566
0.000889
0.000244
0.001856
-0.000078
0.001533
0.001856
0.001533
0.001211
0.002178
0.000889
0.001211
-0.000401
0.000889
-0.002334
-0.001045
-0.001045
-0.001367
-0.001367
-0.002979
-0.004268
-0.000723
-0.003624
-0.002012
-0.002657
-0.002979
-0.003301
-0.002979
-0.003301
-0.002012
-0.000723
-0.000401
-0.002979
-0.001367
-0.002012
-0.001045
-0.000723
-0.000723
-0.000078
0.000566
0.000244
0.005079
0.001211
0.000566
0.003145
0.003789
0.004434
0.004112
0.006368
0.007335
0.005401
0.007657
0.008946
0.007657
0.009268
0.009591
0.010558
0.010558
0.008946
0.012491
0.011525
0.010235
0.013458
0.014425
0.017971
0.026995
0.029573
0.036986
0.055357
0.074051
0.088877
0.099835
0.10048
0.093067
0.08791
0.074373
0.048911
0.032474
0.014748
-0.007169
-0.021028
-0.035854
-0.048746
-0.057448
-0.057448
-0.058092
-0.050679
-0.040366
-0.037143
-0.028763
-0.019094
-0.013937
-0.007491
0.002822
0.010235
0.014103
0.015714
0.012814
0.01088
0.010235
0.007012
0.000889
-0.001367
-0.006524
-0.011359
-0.013293
-0.016838
-0.020705
-0.024251
-0.028441
-0.028118
-0.032308
-0.032953
-0.030697
-0.031341
-0.028118
-0.020705
-0.01716
-0.013937
-0.007169
-0.00459
0.004756
0.009268
0.009268
0.007012
0.007657
0.007012
0.004756
0.003789
0.000889
-0.003624
-0.008136
-0.011036
-0.01297
-0.020061
-0.023606
-0.026829
-0.029408
-0.031019
-0.037465
-0.038432
-0.041655
-0.0423
-0.046167
-0.047134
-0.045845
-0.044878
-0.042944
-0.041333
-0.038432
-0.035854
-0.033275
-0.031019
-0.026507
-0.028763
-0.029408
-0.030697
-0.03392
-0.036498
-0.039399
-0.041333
-0.044233
-0.039077
-0.041655
-0.0423
-0.037143
-0.031664
-0.024895
-0.017482
-0.007491
0.000244
0.006368
0.014103
0.020871
0.026028
0.03054
0.035053
0.038598
0.041176
0.04311
0.049878
0.050523
0.056002
0.061803
0.067283
0.070828
0.076307
0.080175
0.082753
0.083075
0.080175
0.082431
0.081786
0.077274
0.072439
0.068894
0.065349
0.062126
0.057936
0.054391
0.052457
0.046011
0.040854
0.036019
0.035697
0.030218
0.024417
0.019904
0.016681
0.012169
0.012814
0.008302
-0.000078
0.004756
0.003467
0.0025
0.002178
0.001856
0.001211
-0.000723
0.002178
0.000566
0.001211
0.000244
0.000566
0.000566
0.001211
0.001211
0.001533
0.002178
0.000566
0.005079
0.007979
-0.000078
-0.000723
-0.001367
-0.003946
-0.005235
-0.007169
-0.01007
-0.013293
-0.011681
-0.014582
-0.013937
-0.010714
-0.012326
-0.011036
-0.008458
-0.006847
-0.004913
0.001211
0.005079
0.004434
0.007657
0.013458
0.01507
0.014748
0.014748
0.014425
0.013136
0.012169
0.007657
0.003145
0.002178
-0.001045
-0.002334
-0.003946
-0.005235
-0.007169
-0.008458
-0.008458
-0.007813
-0.007813
-0.009103
-0.008136
-0.008136
-0.008136
-0.008136
-0.007169
-0.005557
-0.007169
-0.008136
-0.009103
-0.007813
-0.009747
-0.01007
-0.011036
-0.012326
-0.013615
-0.015226
-0.015226
-0.016838
-0.017805
-0.020061
-0.022639
-0.022962
-0.024573
-0.026507
-0.029085
-0.026507
-0.032953
-0.031664
-0.031664
-0.034564
-0.03811
-0.037143
-0.037787
-0.037465
-0.038754
-0.03811
-0.038754
-0.035209
-0.035209
-0.031019
-0.031019
-0.028441
-0.026507
-0.024573
-0.021995
-0.014259
-0.016838
-0.014582
-0.014582
-0.011036
-0.01007
-0.006202
-0.003301
-0.002012
0.002178
0.005401
0.01088
0.012814
0.017326
0.020227
0.021516
0.024094
0.02635
0.027962
0.031185
0.030863
0.031507
0.030863
0.034408
0.034086
0.036342
0.035375
0.03473
0.035375
0.035053
0.034408
0.03473
0.034086
0.032152
0.032796
0.032796
0.03183
0.030218
0.029573
0.027317
0.025706
0.022805
0.024417
0.018293
0.015392
0.013781
0.012491
0.011202
0.01088
0.008302
0.005723
0.006045
0.009268
0.009591
0.003789
0.003467
0.003789
0.000566
-0.000401
-0.002979
-0.002012
-0.006202
-0.008136
-0.009747
-0.007491
-0.01297
-0.010714
-0.011681
-0.011681
-0.010714
-0.009747
-0.009425
-0.009747
-0.010392
-0.00588
-0.00459
-0.003624
-0.002979
-0.001045
-0.000078
0.000889
0.003145
0.002178
0.002178
0.003467
0.002178
0.004112
0.004434
0.005401
0.005723
0.005401
0.003145
0.005723
0.011525
0.008624
0.008946
0.007979
0.009913
0.010558
0.010235
0.010558
0.011525
0.010235
0.010558
0.013781
0.008302
0.011525
0.011202
0.01088
0.011202
0.010235
0.009913
0.008624
0.007335
0.005401
0.005401
0.004434
0.003789
0.003467
0.001856
0.000566
0.000889
-0.000401
-0.002979
-0.003946
-0.003946
-0.006524
-0.007169
-0.00878
-0.00878
-0.01007
-0.012326
-0.010714
-0.011681
-0.012326
-0.014582
-0.014904
-0.015549
-0.016193
-0.017482
-0.017805
-0.02135
-0.018127
-0.019094
-0.016516
-0.018449
-0.020383
-0.019739
-0.019739
-0.018449
-0.017482
-0.014904
-0.016516
-0.014904
-0.00878
-0.008458
-0.00588
-0.006202
-0.003624
-0.00169
-0.00169
0.002178
0.003789
0.005079
0.004756
0.006368
0.007657
0.008302
0.009268
0.009591
0.009591
0.014748
0.011202
0.015392
0.015392
0.014425
0.014425
0.01507
0.016359
0.018293
0.016359
0.017004
0.017004
0.018615
0.016359
0.018937
0.016681
0.016359
0.016681
0.016681
0.016359
0.016681
0.014748
0.012169
0.013781
0.013458
0.012814
0.011525
0.011525
0.009913
0.009913
0.009591
0.008946
0.004756
0.002822
0.004756
0.004756
0.003145
0.003789
0.0025
0.003467
0.003789
0.0025
0.004434
0.000889
0.000889
0.001856
0.001211
0.000889
-0.00169
0.000566
-0.000401
-0.001367
0.000566
0.001211
0.0025
0.001211
0.001211
0.000889
0.001211
0.002178
0.001211
0.00669
0.000566
0.004434
0.004434
0.004112
0.004756
0.004434
0.005401
0.005723
0.005723
0.007012
0.006045
0.003145
0.004112
0.004434
0.005079
0.004112
0.004434
0.00669
0.005401
0.0025
0.008946
0.005401
0.003145
0.002822
0.004756
0.004756
0.005079
0.004434
0.003467
0.0025
0.004434
0.005079
0.001856
0.002822
0.0025
0.002822
0.001856
0.001211
-0.003301
0.003789
-0.003624
-0.002334
-0.003301
-0.003946
-0.00459
-0.004913
-0.00588
-0.007169
-0.007169
-0.009425
-0.013937
-0.011681
-0.00878
-0.011359
-0.011036
-0.011681
-0.011359
-0.014259
-0.010714
-0.01297
-0.011359
-0.014259
-0.013615
-0.012326
-0.013615
-0.013615
-0.015549
-0.013615
-0.013615
-0.014259
-0.01297
-0.011359
-0.010714
-0.010714
-0.009747
-0.009103
-0.008136
-0.008136
-0.00588
-0.007169
-0.007491
-0.004268
-0.002334
-0.00169
-0.000401
-0.000401
0.000566
0.000889
0.000244
0.004434
0.001211
0.003145
-0.000078
0.003467
0.004112
0.004434
0.003789
0.002178
0.003145
-0.000078
0.003145
0.004112
0.003789
0.002178
0.003789
0.003467
0.004756
0.003145
0.000244
0.000889
0.001856
0.003145
0.001211
0.001211
0.001211
0.000566
0.001211
0.000889
-0.001367
0.003789
-0.000078
0.000889
0.000566
-0.001045
-0.000723
-0.000401
-0.000078
0.000889
0.001211
0.003467
0.0025
0.001211
0.002822
0.004434
0.004434
0.005401
0.006368
0.007012
0.008624
0.010235
0.008302
0.01088
0.01088
0.012169
0.012491
0.013136
0.011202
0.014103
0.014748
0.011202
0.014748
0.015392
0.016359
0.01507
0.014748
0.01507
0.01507
0.015714
0.01926
0.016681
0.014748
0.01507
0.017004
0.015714
0.016681
0.015714
0.016037
0.016037
0.016037
0.017971
0.017326
0.014425
0.015714
0.013781
0.014103
0.012169
0.013136
0.009913
0.013781
0.011525
0.014425
0.007657
0.008946
0.010235
0.008946
0.008302
0.008946
0.007657
0.007012
0.005079
0.006045
0.007979
0.003145
0.004112
0.0025
0.0025
0.001211
-0.000078
-0.001045
-0.000723
-0.002012
-0.004913
-0.003624
-0.004913
-0.005557
-0.006524
-0.007169
-0.007491
-0.007491
-0.009103
-0.007491
-0.011681
-0.009747
-0.008458
-0.009103
-0.007813
-0.00878
-0.009425
-0.00878
-0.006847
-0.00459
-0.005557
-0.008458
-0.00878
-0.007491
-0.006847
-0.00878
-0.006202
-0.007491
-0.006524
-0.00459
-0.002657
-0.005235
-0.004268
-0.004268
-0.003301
-0.002657
-0.003946
-0.001367
-0.002334
-0.002012
-0.000401
-0.000078
0.000566
0.000566
0.000566
0.000566
0.000566
-0.000078
0.000566
-0.000723
-0.001367
0.0025
-0.000401
-0.001367
-0.001045
-0.00169
-0.001367
-0.002657
-0.00169
-0.003624
-0.00459
-0.003946
-0.003624
-0.003946
-0.005557
-0.00459
-0.00169
-0.004268
-0.00459
-0.004913
-0.006847
-0.004268
-0.005235
-0.005235
-0.005557
-0.00588
-0.007813
-0.00588
-0.006524
-0.00459
-0.003946
-0.004268
-0.003624
-0.002979
-0.002657
-0.00169
-0.000078
-0.000401
-0.002012
0.004434
-0.000401
0.0025
0.003145
0.004756
0.005723
0.006368
0.007979
0.007335
0.01088
0.011525
0.011847
0.010558
0.011847
0.011525
0.012814
0.011847
0.013458
0.013458
0.013781
0.015392
0.012491
0.016359
0.01507
0.021838
0.031507
0.033763
0.036664
0.063093
0.087265
0.106603
0.116595
0.124652
0.116917
0.115628
0.097257
0.064382
0.045688
0.024417
-0.00459
-0.02554
-0.04939
-0.069373
-0.081943
-0.082587
-0.089033
-0.080653
-0.068728
-0.063894
-0.052613
-0.038754
-0.032953
-0.023284
-0.009747
0.0025
0.012814
0.01926
0.019904
0.012814
0.01926
0.014103
0.012491
0.008946
0.002822
0.000566
-0.003624
-0.008136
-0.014259
-0.013615
-0.020061
-0.024573
-0.022317
-0.024573
-0.026185
-0.026507
-0.023284
-0.014259
-0.006202
-0.001367
0.002178
0.012814
0.021838
0.028929
0.03054
0.029896
0.030218
0.027962
0.025706
0.025061
0.017971
0.017326
0.012491
0.0025
-0.002979
-0.01007
-0.015226
-0.02135
-0.02554
-0.031019
-0.041977
-0.039077
-0.0452
-0.047134
-0.051324
-0.052613
-0.05358
-0.053902
-0.052936
-0.054225
-0.050679
-0.05358
-0.051002
-0.048101
-0.045845
-0.04649
-0.047456
-0.049713
-0.05358
-0.052291
-0.061638
-0.064861
-0.065828
-0.067117
-0.069373
-0.067117
-0.061638
-0.05777
-0.050357
-0.041977
-0.033275
-0.023928
-0.011681
-0.005235
0.004434
0.010235
0.017004
0.020871
0.023772
0.031185
0.036342
0.037953
0.04311
0.045366
0.054068
0.062126
0.070183
0.078563
0.085009
0.092422
0.09629
0.096612
0.098546
0.098546
0.095645
0.091777
0.087265
0.082431
0.077274
0.070506
0.067605
0.05987
0.054391
0.048911
0.042143
0.036664
0.030863
0.024417
0.019904
0.014103
0.012491
0.012169
0.00669
0.006045
0.003789
0.004434
0.004434
0.001211
0.003145
0.005079
0.003145
0.0025
0.000244
0.001856
0.001533
0.000889
0.001533
0.001533
0.001856
0.002822
0.0025
-0.000078
0.001533
0.004112
0.003467
0.003145
0.000889
0.000889
-0.00169
-0.002657
-0.005557
-0.01007
-0.010714
-0.012003
-0.011036
-0.011681
-0.01007
-0.009747
-0.009425
-0.005235
0.000244
0.003467
0.009913
0.013136
0.017004
0.021194
0.023772
0.024739
0.026028
0.026673
0.024094
0.020549
0.018937
0.015714
0.012814
0.010235
0.005723
0.002822
0.000566
0.000566
-0.002657
-0.001367
-0.004913
-0.003624
-0.003946
-0.003624
-0.003946
-0.002979
-0.003946
-0.00169
-0.002012
-0.00169
-0.005235
-0.002334
-0.004913
-0.005557
-0.007169
-0.007491
-0.008136
-0.007169
-0.010714
-0.016838
-0.011359
-0.016516
-0.018127
-0.020061
-0.020705
-0.021672
-0.024573
-0.024895
-0.026829
-0.033598
-0.031986
-0.034564
-0.036176
-0.03811
-0.040044
-0.0423
-0.043267
-0.042622
-0.048101
-0.044233
-0.044556
-0.043589
-0.043267
-0.041655
-0.039399
-0.036821
-0.035854
-0.031986
-0.02973
-0.029085
-0.027474
-0.023928
-0.02135
-0.018772
-0.016516
-0.014259
-0.01007
-0.005557
-0.00459
-0.003624
0.004434
0.005723
0.009268
0.012169
0.015714
0.018937
0.021838
0.025061
0.02635
0.024094
0.034086
0.033119
0.033763
0.035053
0.036019
0.037631
0.037953
0.039565
0.039565
0.041821
0.039887
0.040209
0.040209
0.039242
0.037953
0.037309
0.035697
0.035375
0.030218
0.027317
0.02764
0.021838
0.021838
0.018293
0.01507
0.013458
0.012814
0.010558
0.011525
0.00669
0.01088
0.007335
0.006045
0.004756
0.003145
0.0025
-0.000723
0.000244
-0.005235
-0.005557
-0.009103
-0.012003
-0.013937
-0.015226
-0.016838
-0.017482
-0.019094
-0.015871
